650
2170
3057
7470
6007
7522
2478
4297
9289
1663
8517
1793
3724
6821
3201
2635
1607
2668
6517
9201
8097
8178
2852
6196
9477
9888
2
2620
3069
6158
8862
6216
912
2995
589
3818
7814
5327
8688
6956
9620
7446
699
945
6015
2182
9883
6665
1773
8143
7272
4044
985
8766
3346
3332
6239
8883
407
4392
9856
868
1325
5705
9654
3456
730
5989
6296
8270
6395
1303
5290
4607
2933
143
8475
6122
627
5481
3312
6450
9210
4316
5770
4516
9545
1222
4885
6932
841
6139
4332
4600
6640
8290
2647
6181
4102
605
9044
5668
4693
3510
7105
1192
4450
4903
8049
2522
5584
3728
7842
9481
7434
1833
1601
4772
4031
7117
1583
3967
9547
4369
4758
7495
3477
7163
981
4125
3715
1007
4948
5003
8331
1263
5871
7853
7629
8068
4424
6736
8973
3845
6801
5984
6979
4250
7536
850
7500
7799
4482
4366
141
9554
8954
415
6894
8698
8889
810
760
7861
8458
7795
8113
3612
6615
460
5907
7044
641
2083
5076
7746
1530
204
9037
199
5257
146
2177
1715
1400
4038
4281
2404
2308


