27376
11053
38819
47006
58217
77369
72911
3708
14226
89243
34826
27848
13567
6690
19812
70675
13656
39740
7325
75507
9410
91562
81935
18257
57139
8043
51846
49869
27589
88007
58094
38976
43524
9235
90100
36392
40619
38528
92750
78101
57380
12864
498
36758
95952
91558
774
91315
95045
50011
49069
91416
40550
39854
2686
73958
86835
52902
98238
21413
55041
49610
86743
58054
74962
1586
51503
41053
64617
28725
60586
63212
66749
84019
72131
65764
93945
70757
44219
40098
82466
38782
11732
6256
6763
22289
53677
67231
67652
58726
38026
25558
9345
37496
2734
75622
92756
83918
82146
14691
59387
36017
24406
72087
38390
53487
23760
21811
35155
55021
28373
40908
39371
73086
37683
61013
54087
38496
12285
81130
29547
84782
27210
51423
95813
72186
29359
23176
54168
11600
41078
51615
99120
41762
62156
53714
95734
55808
46661
45593
48565
61919
32717
88444
55685
56523
22434
29235
42775
86160
59154
78822
80357
46569
84956
87744
50636
4432
91722
3779
2179
82981
94041
74579
24736
85878
85017
94915
31060
19868
47074
94952
83500
46343
43699
52301
91088
25509
58109
93595
78874
82960
92035
67487
10184
84539
6749
93645
87355
44393
14237
60173
26984
92329
76031
29439
7623
84488
9638
54267
9537
23303
68983
61171
51652
99295
85735
32967
26363
46244
24671
51007
83051
61371
37568
48773
23044
77970
89141
796
61477
24292
97528
53231
86671
13433
33006
62334
26334
49071
35096
11016
23685
98930
18244
9338
98239
31457
94598
59248
5604
32457
94620
6637
30190
73095
74175
26445
98892
76060
32811
39828
58572
72562
36032
98956
61267
86534
9927
95685
25022
12352
75731
50411
99683
80714
91861
82218
66685
29999
85295
20952
56321
12307
76329
21548
8301
74257
96258
11673
22900
43697
57952
92634
77659
46128
82292
80777
14758
45020
3057
52651
38276
77532
80026
66029
78167
54801
93699
32048
96133
82190
80628
23887
3911
93309
26639
43323
78391
84040
49544
49939
83594
39650
99478
80834
67130
74909
64385
42191
53502
80855
30149
93222
26399
71411
13838
37769
14090
93974
58308
96654
15005
58582
83546
77441
69870
13220
29525
70026
67367
21953
75635
94101
42452
36198
14950
34275
65073
59301
50201
68231
33922
96847
29817
73017
24279
78952
54711
11513
41048
6628
54139
13227
18506
63722
39269
71623
84817
81094
41785
45906
30841
41360
85182
9266
29720
61610
37790
83135
64527
85616
10931
27846
13318
57680
29316
82858
95358
29021
24220
67851
89446
22495
53398
77528
26527
19851
85108
58074
48182
19608
51200
60113
21539
39983
83192
29796
81020
36084
27873
43317
70379
40174
66343
51045
54665
74853
95217
14352
22245
32900
98829
51114
3956
31685
98110
59827
64102
6377
76258
33400
70335
38037
57830
61815
99503
71441
86542
1923
59225
56134
76559
61437
44335
20803
94373
98807
95462
14257
90689
13551
92207
56680
67747
55906
28301
48650
2498
43515
93615
14638
65399
93101
59112
23351
82589
40305
70922
94530
70848
29098
25733
92258
96020
59136
98605
93642
58020
23552
9641
51413
33445
92022
70210
83775
83845
52954
55579
80093
45698
19185
1231
283
41131
76085
33875
46068
98019
43283
93014
69076
21351
54368
51569
49557
23854
59453
35639
71657
5928
31674
76061
29560
37808
64176
78126
83053
36589
667
94405
96042
68796
60919
58170
70863
38838
49161
34864
20746
27871
75575
41289
64901
50839
14883
9207
17998
26224
65330
58552
52448
24368
67283
85628
59965
66596
53506
27753
27917
10420
97367
89574
86340
35481
88129
15961
16559
47112
75363
71595
12003
18153
62490
77381
61723
99182
10498
75381
84241
295
12766
6660
40499
29868
99125
55226
83634
3379
37206
58162
94037
28949
83415
47165
76093
56107
69378
63590
77118
88736
36746
51358
38019
57839
59763
97052
91124
81521
44275
97010
78171
62474
44530
63639
37844
35085
59444
34393
99232
17840
7860
30975
72208
50684
43077
7915
60309
52446
3211
6323
10418
64641
24411
53805
82180
71721
58035
32836
4405
19482
35297
1565
86952
21266
43451
15686
66285
65652
39529
74829
15600
37871
18588
34517
45918
53054
20764
20304
41750
86521
10440
44676
5154
82161
37050
64387
85173
29029
71965
89842
75081
88236
36896
9715
67358
43877
89887
55337
35008
40962
28771
72917
90327
95636
58403
21563
78692
19481
72046
13619
13040
43190
49177
73179
36576
64393
54569
28237
60189
59071
94466
5625
85476
87651
38152
87737
87901
53210
3056
38053
32879
88547
29800
95477
4069
92672
20668
62540
49937
49379
74704
12170
23024
47747
53214
62241
3284
62247
50511
21537
55058
73629
3242
95741
59100
88066
34743
1719
61004
64926
63032
40636
8125
95739
10340
44487
87252
22514
34123
6209
31345
2850
75144
82957
78222
1450
80660
31090
98031
3225
7650
24669
30483
17937
59490
29016
12551
70902
86108
9932
20099
65474
98752
23227
96396
93153
48726
66089
16505
70049
46316
76633
63466
64951
85524
33120
67679
6885
37519
32636
77779
64410
8771
44074
34720
81861
49125
61057
38491
21606
2836
44303
57391
53031
15301
84109
22082
52350
14077
9592
56594
88996
68133
87694
53240
45095
98636
10717
1738
36630
18297
34491
30433
81197
34238
48597
31567
79871
80548
661
88155
51819
83950
49290
49740
23473
79070
99220
67013
7536
43874
88457
7085
730
48642
71759
36855
16800
2247
69882
30452
75471
33605
99542
14779
14695
68280
78007
1011
36625
10740
10342
76820
14209
97120
11049
7414
56359
94496
76670
98485
55657
66911
31749
74020
75905
53870
3153
78710
17692
38583
59241
46713
19888
48884
29648
59391
27872
29040
70437
55528
60685
55142
64570
65819
62501
52522
91364
74497
94232
57566
30418
87844
95774
34057
71713
68030
44088
94611
95714
86876
32762
35184
73697
79769
17105
76157
16093
63556
76899
31026
74399
77405
49656
4382
18783
3580
32
65189
16995
6090
45350
85424
12138
41735
39087
69933
59623
60987
89424
36821
37135
11385
74260
16353
59973
89005
55992
73782
26121
72325
12900
97741
9741
72476
99057
33049
89918
185
15287
57981
84535
9442
68112
86075
57279
8755
18766
78026
69212
78282
95842
37110
46886
48523
46519
72371
71671
40793
24067
60937
9888
63388
66517
86810
50487
30095
4177
4378
49041
30044
71390
79693
50161
323
3324
78307
9827
95295
46204
72840
56440
96253
32891
57698
1919
51289
16695
18127
82704
83427
89914
82587
76349
44942
33588
25257
32444
36885
47618
32213
21547
40171
23238
18803
28205
7026
36249
69222
77012
88839
68399
92478
15761
31245
59684
86184
53888
42857
22874
79179
48370
99998
92569
57052
14416
17209
56688
74632
59005
95646
3845
5942
88811
68916
22998
79563
36120
17749
67222
71645
36794
46653
46964
78309
52643
47274
57638
61167
54213
41798
54197
63815
81087
98621
86422
66687
58960
45102
34108
4591
1003
59884
22625
49758
35151
50116
41256
2860
64104
59130
54560
55448
27845
29230
49345
91970
57627
11281
49907
86812
65038
41579
20638
15585
35577
29392
46160
45447
90379
17558
73612
93274
96052
52967
53409
59997
88085
69663
55921
85280
15732
27243
67525
60815
24657
41219
68657
93794
87573
17627
98952
61453
35274
46156
70674
57482
17583
13846
20857
70346
39145
17158
995
93734
47301
47267
2641
96059
35579
64602
76652
24472
53797
35824
70818
38122
16643
84743
70150
21591
40119
77595
45340
25262
87687
83535
54596
77413
37662
24566
56658
20329
28320
68140
36029
78102
24988
81900
53262
12392
11623
11135
25651
48343
87476
53200
46177
499
92642
43683
28111
13675
52422
3726
11675
53038
2424
8337
44318
40142
11881
874
23759
86308
81554
99976
48716
87934
89594
54624
74241
41657
80404
42931
92043
69497
46239
15533
95935
20544
79347
57798
93098
84700
39514
45835
80418
14528
25808
31654
79969
22732
75169
29046
48659
47493
32516
19596
93023
14608
42758
51747
49532
26520
8012
25051
43571
73638
65908
40429
99371
82463
93090
78656
19804
77367
6469
54198
26737
34671
82391
21097
98346
48118
84891
87815
61032
27319
7162
84543
17337
37295
5177
29852
78335
25276
55761
58136
66323
73483
11614
76945
74975
38687
92455
40900
74302
40403
79298
95122
55567
65026
20621
75650
10842
89184
42839
13240
66667
632
59751
2690
39168
21464
72464
40092
72872
94133
77344
21564
67299
22679
46705
22043
73318
40384
72663
37699
89839
47731
36238
93465
23773
2131
41159
31159
94097
3817
61754
46377
47665
17266
38986
83007
39563
55894
78693
15437
88341
41004
5848
59783
36696
82709
40758
67781
24903
71829
83511
33430
90633
86005
54475
73432
9809
73305
14355
16936
51538
72386
35245
45652
46639
3816
93916
97332
13365
3006
32279
94451
56198
66842
49342
76072
15684
40470
78008
89275
68617
16917
56719
2390
84722
15998
59049
65539
22680
80520
86300
95528
69939
91951
26707
50541
10723
94391
22646
48870
72756
59492
85847
45932
4994
6301
99993
28983
18702
40468
58993
33397
59916
83624
38669
85484
45396
58610
54355
45875
75386
35542
213
77382
2071
68754
9337
78549
39939
65681
31028
18125
48121
19343
81075
37261
86475
54700
57494
96944
91019
69336
84176
72835
62006
53699
73836
97316
22279
32356
5734
92614
4489
1098
62290
13550
31421
23837
14679
15750
97326
99778
36367
83627
26718
36228
88750
56297
24331
29997
17284
99632
75332
1276
58998
37439
95531
42759
19138
74317
35007
20982
24181
67183
40723
96177
61343
24738
33387
35107
36881
98334
54282
65514
46760
48443
46442
40955
69989
64955
8930
3482
19
90407
29813
15554
34946
37618
4691
33725
82322
56940
60794
93206
6898
69711
79371
69569
30104
14663
82808
94849
82003
99753
85572
27110
50150
33764
83307
42924
32526
50889
31666
98278
41801
40382
10403
13934
81045
90458
94341
81947
71371
93850
94399
43581
44119
82754
22112
29097
96013
35266
85697
47772
58665
71150
62419
60822
26789
82485
42284
76165
98735
12677
84007
24447
87025
71378
33744
36612
33319
63341
55422
21933
76619
18706
62113
10402
18081
3827
25767
77548
12902
97685
44600
75735
80455
68986
17345
65443
2406
20988
57137
68886
91231
83803
87511
51508
81522
53680
48351
76525
29370
17333
96071
71229
38676
50190
86468
9170
70793
4753
84203
3958
7398
90340
58390
54455
86211
47677
42559
8144
57356
22307
91333
62729
35535
34775
64983
42952
20458
25195
42875
3669
84924
22883
69364
11617
84896
72585
1146
95089
34166
59632
39469
42911
97457
94193
41867
59689
44193
13085
62663
24134
39582
70738
21099
27728
72874
33535
35597
81356
60445
58422
67941
17619
41352
25882
91948
33379
5033
99569
97936
23465
37551
18834
44816
32934
95934
85554
816
19678
352
60903
80693
83262
33608
92650
82014
98261
7209
92474
56066
6786
17360
98326
87811
32484
43464
86433
73225
75802
32234
10948
35552
89819
83859
71563
68837
8194
7812
74310
570
53370
38288
92593
82447
84448
72588
53279
75029
53500
14614
35795
86040
46278
53376
64483
30391
5643
13519
38656
44496
96919
83195
99692
53778
91272
37815
11400
79485
4788
18258
57931
50019
65455
88556
18093
4680
15030
46590
32690
84200
42525
39836
52491
60997
81897
69818
48974
62873
79073
49627
11335
362
30392
75643
56306
63457
86884
36915
94231
10517
98747
92708
21637
93049
54888
33903
92602
3861
490
47326
48972
76823
60663
83140
92729
81038
46900
39062
75071
15452
18604
77298
2012
91528
54441
47231
40520
41187
21209
72581
50707
36272
25592
74887
23078
44023
67372
40523
83960
76015
79009
56160
24808
15966
43319
55704
61737
22195
92621
87217
92958
27049
13024
20085
16950
54864
22729
46620
80975
96150
46463
7091
81894
75903
10535
85360
63197
2840
91263
51460
78588
96772
94576
97455
93310
2496
40308
82510
2781
60736
20210
89907
78577
66025
21724
83903
83980
99067
86890
52873
782
28916
90316
17038
25731
50157
84362
74243
95202
69949
37757
95980
60478
50417
9645
47366
63930
65736
54902
85813
47717
49321
23079
69964
29057
76771
2758
92169
76341
2772
57887
17004
57726
93938
39867
52818
50147
84752
56791
78022
79713
88956
80656
73844
14885
43896
43230
33346
1520
23932
71795
44217
54993
67713
12201
24582
84103
87788
28280
567
77406
21091
58430
88312
52880
34535
53856
7658
867
1903
81936
35727
73576
33955
45855
48927
78950
13078
68010
33556
17859
69460
1888
18190
95475
39412
6849
29781
46010
76482
77535
54428
65302
11164
15560
17011
57416
80865
15524
2335
18530
74691
82385
93244
56094
6179
49408
3028
75364
91199
72125
3710
5551
96585
33465
4628
66594
15344
19656
50484
73774
13738
33662
33667
1603
223
41934
80236
34323
72556
18197
39770
6508
81277
95502
94170
27993
87400
14038
58320
36971
76726
62657
48537
18668
32256
28160
2017
19358
90666
26558
49429
95150
48256
79738
15970
98586
29139
68545
67206
24711
97379
54696
46520
50455
27697
42411
17296
56100
90747
86458
82727
31978
26490
58321
48458
40964
4398
29838
47945
18395
43823
14686
62875
2371
39408
44323
63142
43318
83644
96744
61289
61169
94562
72913
11259
1185
37332
4339
52749
75530
70581
61268
30962
74645
1707
73899
38699
10275
74864
35480
43695
61550
12991
48238
57187
20035
50532
78258
97173
58233
63409
89358
49341
96051
32005
4061
12699
8763
91327
88388
51815
75839
77461
69354
73283
29561
26316
58617
20010
74155
74320
15753
63110
48233
19425
83853
28243
64647
10951
3820
12519
26373
95002
24692
90130
67565
83538
22937
85753
69235
63663
79023
13465
69270
82109
78063
94237
32071
16411
26690
90844
4003
20818
86830
95441
68797
21021
12716
25801
16894
28332
51938
8262
98514
25157
19870
87604
22231
27776
30401
59263
5378
46766
23192
45432
88679
41292
33813
89855
89166
76666
90587
12538
76608
12310
7361
30080
2165
65623
21621
18379
1566
89054
82200
65980
81557
67036
7942
6080
46982
65903
99731
83835
38889
11841
31252
96554
92888
75448
21863
38620
25339
49264
70064
3476
99489
80925
14562
67897
19564
11885
24571
33593
35842
94669
20489
53641
23767
45620
15369
68720
5120
6203
16746
50114
46578
72761
72948
65050
30202
3243
27954
49979
37919
48838
92624
82370
22917
59966
1735
47559
18548
58281
32744
9196
87184
23602
91060
40115
6487
90118
50273
61209
52275
76019
35988
59153
49755
46497
61273
46724
88293
65972
71579
41250
73512
67034
47152
94706
51781
36323
40891
2293
3616
1008
85621
18060
27433
24343
24016
26840
74402
22810
43387
53063
7181
18397
88138
88668
23909
80000
16689
96544
72226
19628
18222
91834
29242
66423
34866
46901
26105
7038
14145
56319
83245
58478
64028
77835
92107
61703
773
46094
17959
32710
96722
90540
3095
39189
29828
13652
59209
27970
67872
40797
62855
84430
56253
39912
39325
22415
23818
22730
98428
35960
65662
90681
65100
38841
1768
46952
79014
79249
10338
52443
9326
37721
14461
22312
12527
98815
26154
67913
70174
8139
74560
13991
42195
88055
4814
16175
12058
24794
87595
87530
23726
27424
83375
37013
65632
57179
49128
11778
92466
48038
66204
29486
80765
52890
907
85693
43167
17603
2285
76120
41906
64143
23322
8560
33550
24092
90165
98894
57643
66639
78796
43514
35303
72041
88477
71615
84657
4560
79828
8943
36177
75804
79496
51063
24967
69268
25633
67320
19384
70927
54404
91183
24040
72516
8483
98988
89683
25556
28928
17305
81397
4008
75799
73602
44148
86738
49744
56484
64267
83023
29409
13310
80472
65718
85665
42066
59447
59359
99156
1967
34712
96312
61534
766
21436
4307
90497
22013
39790
86465
7667
94211
71472
80333
58394
94284
20731
42661
86772
50127
61656
65281
24105
28948
68848
90371
94712
50366
3052
57173
12373
49032
93321
78132
40179
1350
98532
33305
62623
75541
902
41019
28965
258
42834
88046
38345
45063
23432
24890
3426
64650
95716
76567
5020
41259
92438
22798
94875
26271
36241
68734
59853
52032
31686
83031
25914
19808
32789
21389
75554
17298

4527
51036
26874
75373
58896
78814
95928
57107
97480
35235
86586
14795
48001
98138
69107
80335
35797
45056
25614
65918
41380
55555
67722
79548
34860
58785
49734
4834
86929
82627
50619
48056
53799
19684
81306
49699
94236
9665
13955
72765
14050
84453
99870
49605
2707
62178
8825
35340
88037
84104
56870
12485
10196
62128
75424
85378
99246
87362
91226
91071
92341
44663
13624
41042
13666
70780
69684
1766
94366
95304
47577
90621
23662
75468
85075
44254
99838
63017
62189
64088
34271
33835
56549
3345
52811
3666
25048
71805
89577
19069
95409
37176
77423
23488
6838
39347
44065
78948
22794
4636
45856
55037
56015
21107
64290
69687
70041
29301
2440
19831
97816
20494
8974
82598
76403
8831
99339
36838
70948
74983
45086
93092
22384
58901
82619
5103
80784
95575
29982
46582
4174
72861
42151
12924
14337
99909
12578
93830
81460
81755
23306
47553
21368
51966
91763
54755
50714
17045
7977
31860
13260
48209
56318
1328
62516
73107
98379
55772
95828
20777
84769
89090
67261
38266
26054
45445
57563
94289
66995
37189
76711
72003
65762
3449
49844
49018
80819
17609
32473
7170
94830
68406
40641
94887
84192
49445
87883
10673
11479
88633
32614
13112
26777
52173
68091
76462
90860
10925
60797
6084
78157
3744
59474
43692
11819
75203
19550
16161
76220
28459
97939
72615
12094
22159
31313
53254
74761
62735
50489
52329
50071
234
93388
10716
99636
67124
26035
52025
73242
7542
25917
44232
30624
89457
99956
17868
73196
28624
30971
64182
17590
89975
9200
89191
34073
92523
93741
78163
31762
91304
28481
32372
72879
65796
81670
56463
35714
96895
67718
98378
7448
44578
14151
44703
51730
43215
1124
67503
28173
46269
67719
39728
75714
41653
36187
73463
92664
86243
62206
37276
14188
75419
13641
45969
90734
10271
49286
1156
82149
88767
54278
80233
27932
81836
35838
8428
15807
93715
73280
6603
34511
6718
71718
55
2960
73728
26305
70117
83567
30770
37497
63650
22716
40162
8363
97313
24450
92298
22586
9879
74655
97007
45
29513
17694
69588
66527
44522
71932
75491
55767
53877
84053
9992
89761
55349
81378
14876
15259
81410
12814
97129
93350
89860
88725
21873
13518
53353
14805
38964
82298
22928
59738
93847
44904
51362
90460
42606
61450
19531
40702
19972
18288
27805
96407
70376
91895
14225
70110
3480
6224
27389
74907
91412
62129
47081
81149
57369
86629
3959
97818
63330
78980
32193
84379
3387
95100
64590
36542
88372
75868
68418
305
93955
34385
73149
31320
8676
90278
61778
55428
72090
64159
55769
99402
85793
96289
4291
79723
34310
3657
95470
96511
63989
59928
25838
51969
73195
78030
22851
58089
18321
57617
73808
44319
38627
80377
81792
46813
94626
51373
84611
19028
8616
6602
40423
71063
65357
60017
19054
32425
5460
3224
4151
15506
21445
64278
19660
62082
60324
87149
54184
89409
91280
48880
54288
70378
63743
56706
27119
61709
52477
40510
95140
63065
71405
22475
9255
44801
79428
2437
21720
72231
83015
77714
66697
26568
89334
11646
34537
45661
65364
43460
84267
60767
87317
34525
36947
63113
7479
91154
14504
16029
89760
45451
4256
60750
2745
47335
85747
46717
64298
49226
70256
98574
22628
56787
60743
43094
86913
13815
3838
31760
25073
62288
35209
88962
41927
86722
30644
17078
76624
45683
71664
54327
33756
69701
26551
21907
65773
2089
5270
2579
34138
91778
78327
43886
23084
92741
9467
83710
39459
15820
63179
35375
23482
12687
25455
3248
15099
82451
87428
95650
4909
27419
55851
59929
58877
62150
70440
20800
19216
87695
71940
21853
68004
66688
38875
17569
91137
52090
10053
3508
8188
38867
47373
72283
8499
8909
50062
69057
40063
80058
79432
8969
49924
13891
36064
25949
64198
89153
88580
71872
681
17425
68212
26129
38954
78942
24355
69437
90586
38626
25247
36298
88803
77313
3681
35713
48131
91824
78716
5266
24217
74356
18860
71904
72607
80358
27053
89017
74145
33162
80247
42583
44263
35250
31853
78357
23912
71062
27178
35854
94214
70663
42431
66248
82308
22450
78067
61684
31255
51888
81081
14124
50299
25908
50238
53131
99535
60209
5383
24267
98415
43751
95249
10928
32856
61914
26040
95355
47204
46443
5349
61964
77301
46079
72291
550
2533
73798
15152
26421
64197
91822
17774
40196
88299
56953
13206
16250
52068
59826
28359
20140
83436
97852
68079
44838
60656
88759
23646
60179
34021
25384
2060
77041
55194
26854
39228
75933
76952
78257
80786
82253
42118
52557
12866
82883
93243
68705
81969
96389
51447
81408
78062
92670
41922
57612
14323
68462
27792
24879
7540
69975
27773
10732
82573
42188
77196
76510
14292
47167
41713
32748
32653
39889
76664
2649
67112
74674
98661
53610
31298
49077
34006
9052
42691
15663
18474
65287
75151
73419
91840
58477
57605
43542
84645
77680
98279
33598
36979
95617
11099
95112
86143
75501
38658
21989
82259
88603
40338
18892
48515
81227
13565
23067
26493
58624
6733
71205
93409
99226
78813
28123
1217
2905
29591
7455
44418
49668
33370
70910
43942
27261
63699
69027
38110
3072
96673
27280
18189
89225
53097
4733
33269
37741
8510
62061
81797
46422
54309
22236
56919
75835
64383
90538
78903
15044
54546
14201
54102
99685
37453
90267
11502
43266
92185
86262
7420
67475
83674
44699
37989
2832
55843
66282
96526
2272
78006
66086
7272
10670
74143
68245
7262
94971
62893
79802
30296
31035
9378
69240
85858
8245
67018
35911
34594
30148
42384
67756
29121
62162
81867
77077
16718
25428
77066
61372
6908
31651
16677
27788
20714
76320
98513
33883
31839
79060
73764
66937
75553
24585
17175
45933
79322
2031
47552
40376
39815
92901
43735
84436
5641
50012
67163
14611
39253
48743
91085
89694
15070
1238
61734
99222
41471
87513
1632
46930
7570
16779
73874
78341
33769
3081
23349
32941
50724
75568
42711
80878
93135
69861
62703
23731
229
71662
82331
94762
14370
60921
38839
61751
64576
44561
10287
25223
87360
79977
8879
6900
832
64225
23312
15556
55451
70362
71850
67930
84215
91471
6997
2269
95975
33350
78364
7733
45487
85556
76374
71261
25844
69351
23641
97248
22538
79494
57233
14931
60499
96387
99578
11357
21212
53180
64078
60961
44153
55831
46162
53989
76696
68713
95568
87602
66374
82065
55253
97807
6881
43786
27147
42696
23359
80146
71621
51365
40761
29741
78670
88925
31542
60388
14114
97851
47699
92807
33424
77942
49817
48040
21921
77735
32832
5900
20165
20685
61947
3088
12326
78848
75830
50240
2879
85993
72229
97128
71741
68318
71183
69805
21905
83182
62268
13526
95390
55530
25430
79270
51306
72739
26536
34023
56729
43316
15647
79044
42177
28944
62276
72124
91403
36702
4924
56241
51485
47957
91345
58905
59251
68049
66422
25766
53708
71905
95091
8123
1243
95285
24298
32876
21975
42359
42736
40386
99646
55759
30809
97779
6526
14717
53344
90622
20951
18977
48064
92666
70439
62036
5547
16685
56722
68521
70123
97679
76894
58117
71569
78899
25775
50899
71516
94976
23852
30847
3654
27894
79593
99828
6599
54674
61634
33581
65922
78987
51510
5740
48758
77612
94386
14817
64451
41612
29060
35280
73094
20607
81533
73558
20440
48196
24557
85909
91720
81498
50581
34755
31842
99448
87388
31988
99545
40035
60065
84937
54240
76622
26892
55494
24851
63018
91855
72265
25846
54014
10738
25492
355
73185
85205
81803
76058
76377
17745
18006
65463
45944
21274
2812
87180
23997
13
95019
85937
14800
68161
88637
21293
1775
35817
17320
8137
14086
96350
55837
81406
57117
63580
76616
37425
5943
86292
65647
67910
60747
59013
26193
59156
96018
39643
54430
80379
41472
44895
12408
67032
99333
62332
94840
5422
45114
81204
61427
84156
46051
45599
65220
2019
32049
69122
56529
58851
94575
43832
50212
48956
8735
71228
31444
73543
45485
82927
91491
18664
72033
61651
31876
35576
65158
7457
75816
1847
64517
44361
55803
69307
32859
23930
28235
37252
74902
53372
76078
21645
26879
1206
57873
21818
15895
73458
46679
94578
58981
9359
63448
17097
14630
89209
94247
44917
34469
7554
33914
97633
25868
62217
41789
60566
2808
61510
60762
50939
27997
8281
25905
11565
73569
69570
26730
4640
6729
64006
28633
15876
89126
98826
68177
49530
18624
83815
44713
49711
99881
50416
34808
64107
88297
66726
51138
37521
68908
75204
86535
42495
97784
73755
24239
43308
90800
94521
19723
71599
79108
72218
48681
86389
49846
62721
79877
47219
25885
17477
28239
3413
46755
23567
84391
74299
12645
92767
18121
57688
8412
43282
51467
38171
97402
70106
18663
87353
64574
54980
55348
87614
8837
80077
83377
50719
90611
44606
66069
21700
69451
31873
35825
77691
9743
99425
13552
99060
67257
39946
10757
71553
90628
64496
70851
43573
62527
24819
3171
95172
3409
30687
24966
67426
77428
52230
20981
81505
265
55531
37079
56755
8176
10178
95461
40762
88219
21463
77832
53582
24844
97227
5749
81513
51994
39624
18305
50310
21904
44936
67402
28630
7741
55062
8638
22355
63919
55325
20900
25640
79532
38880
97130
83133
14236
48033
77104
62869
82345
34555
84881
36390
26261
42962
3162
71175
76568
33352
50397
49848
87670
7433
42
24375
78659
26633
19059
34752
72675
73357
74874
31755
89609
99931
13793
83719
34013
60200
45502
50979
72686
64215
27416
55603
16698
11670
24448
72693
66589
32777
33043
12345
47853
57191
28929
1232
475
74813
66223
53864
46855
89655
65801
49735
39042
20750
67354
15233
31609
20694
88926
15613
82133
78325
64331
47733
1994
78683
20955
64785
43760
86322
93306
39887
5593
78931
27257
97396
76436
7068
71020
57816
17551
34651
20386
38238
25367
93997
95086
60829
98871
61786
63640
35474
42200
57673
78461
83220
31778
18936
50962
48785
75940
87768
4576
22493
65187
17777
60502
62209
94978
10092
61513
66472
47392
75764
8122
13060
93877
15555
38028
99017
40537
41095
97614
50697
42217
17470
34581
10460
5464
32263
22019
7506
84903
40858
75109
95886
11002
353
69758
75521
5474
83167
58127
57892
57832
60276
93469
7984
70144
92381
38149
89006
5159
63376
39120
10511
75431
23873
67501
90545
58803
57475
50415
26507
40725
31659
25684
43159
62060
90410
16558
4774
73059
36561
76648
45771
11925
51303
56849
87749
91228
7274
93071
1433
49576
43100
94213
22325
66129
24865
34693
66026
73239
30558
18231
68061
97631
52590
74015
36116
14470
96357
43296
61429
4062
68989
71381
60517
47757
79353
54531
3828
87865
17917
2462
48372
12711
13805
99982
54434
21227
19583
9610
90920
1265
56599
68973
68290
76700
76277
14762
55466
87246
76458
88324
36815
74687
84800
85388
58894
12251
78141
15768
94143
38139
59887
62956
96771
10525
66194
87334
86557
65552
63265
24075
29993
75467
24624
19145
92745
56075
59483
41706
23396
30633
73735
93374
26792
88468
37141
2547
42484
82443
72344
8298
57285
57564
55623
10618
32588
65196
58121
50965
72645
59959
35878
90591
34291
74937
2325
79511
92063
30961
41666
10199
30536
20825
14859
97832
90271
19414
72234
54465
2030
88620
68032
6305
59907
12078
70175
26041
19045
12066
9847
82194
53735
26866
39464
74477
29965
23725
64438
89671
88577
56181
51146
84352
1170
95933
78090
1645
59807
467
61586
85867
86668
36402
38663
71213
4932
44506
81857
87080
173
29517
81793
99151
98170
97426
79963
20715
26477
67352
60119
20904
63928
60042
14659
83504
34042
26683
92744
80602
67030
17511
40421
99858
91853
39520
17225
19716
36157
3991
65571
45547
4950
38463
71617
2404
18068
8172
5564
73038
87940
45801
92038
35255
77068
54270
41549
29499
26533
54508
99603
79295
74368
26739
24534
34192
83557
49615
67577
56665
15636
77067
92076
19543
3513
30773
18652
35992
96760
66862
15280
62922
6500
7267
62256
16860
15811
20177
30036
72272
33280
47828
68644
55189
81804
36679
75370
92095
26801
32953
78264
37190
48176
49837
57578
48524
36968
90259
35424
41520
57439
91209
10701
73765
31569
93944
64222
96836
56507
18692
59740
60219
53354
61974
40746
74304
89890
68959
66060
11767
61211
27193
31746
85818
32979
66346
8026
77831
25459
48205
90674
68980
33457
98072
8099
54810
18046
9562
51232
95632
17635
13042
60821
81978
54968
16573
44475
45331
38300
51867
74783
79240
87336
7151
74849
66592
41420
61834
98884
84777
67990
41988
86756
76373
23196
50912
11464
85857
67585
67274
57888
20409
60936
54322
14967
33053
45623
89408
31767
37736
19445
58558
18523
36750
98124
39083
67909
32288
82288
98784
12267
12423
2445
59695
72128
35782
48964
52126
15561
40744
48840
31241
81202
97187
37058
47091
89443
22180
97833
17475
52158
52408
49580
68349
19586
55848
30051
46108
89214
27700
44099
93648
51863
85672
9700
32821
12088
31281
69686
93787
98418
78151
21679
522
8928
9564
17945
88019
51958
28811
79216
74207
39497
74430
31754
497
9006
44943
37547
44230
26295
31460
66715
37562
84500
5862
71406
66860
45165
39154
67072
14283
45433
87898
43496
92484
41806
87346
40464
21574
80567
27519
414
71525
15618
48737
89930
93060
90122
96027
38760
72855
88360
61923
20068
8559
66307
93031
22041
49514
36385
56569
99455
66443
62885
76110
51609
55350
47401
25304
59536
43089
39924
39386
73028
88235
93312
15291
78981
94248
24151
17741
38765
23673
8110
71115
92221
75310
85976
79705
81446
23497
96261
40425
89279
16568
29311
38912
87809
67313
72452
46417
39530
38481
38613
97694
81380
99733
49008
65895
58818
18023
15519
16902
51270
9517
71511
93034
94742
66742
2544
29074
84050
11477
97360
27008
58698
6669
1689
80218
35099
23809
47150
71725
87562
84066
52131
35487
70116
44762
59823
4175
29491
55301
8736
25996
37567
7191
49574
59602
47929
25899
26544
42969
60340
86110
90478
79072
71192
25105
22239
53533
46941
49643
73256
71594
84477
11325
66876
56711
25228
75504
86419
88791
84160
77337
39410
48700
39312
19204
88379
91751
78231
84369
20125
80578
14102
58674
3041
29179
41905
92366
87939
41036
80832
23246
3815
9420
43197
53879
49876
33602
58380
93485
45288
1984
51338
83335
77923
16296
76463
51226
6890
61284
64306
66149
15936
90792
58053
39346
49150
74322
54382
12987
51404
20558
55495
21643
52596
48096
62137
97288
24521
82320
14701
94983
72224
65954
9693
83356
93691
83649
28372
58126
92247
52059
62160
20186
93784
84544
14550
18640
31295
67373
81182
12297
21485
61310
72937
69108
94018
55188
61961
3653
20872
88402
21002
78569
91494
10088
66078
99219
38251
12629
55865
58718
71875
76450
28318
52409
75287
93443
77454
72623
90857
65580
22208
94145
96789
9901
85233
50937
12544
35999
72258
80798
96591
46783
72597
87760
22564
36945
5371
56247
53932
67609
64168
62317
22725
54551
75697
94545
92655
37523
17503
11418
10794
52744
82005
75174
15493
17652
28446
96501
80064
81987
80158
98293
72320
57350
53978
63295
59446
97231
43144
34351
90490
66263
77193
91172
90954
32649
48747
7769
75986
79054
63329
87795
86231
8966
66989
93973
95144
67931
7044
10984
32608
50641
39881
8878
69595
70690
28870
81489
24036
98188
4768
85983
91401
57965
51991
92960
64213
77588
26949
2339
81727
20418
71608
90266
12684
93369
66556
25221
21599
37725
70483
71369
22238
7773
1801
17006
89215
90904
71946
17046
51950
88635
46183
19357
99847
20505
16876
2744
27485
75477
93324
44912
47528
23915
99163
33799
84153
31900
68410
20856
95995
28133
12293
12006
8724
57811
65433
92839
48050
61353
53350
15907
42490
16367
26698
9352
39506
70239
59776
5333
95191
41185
80355
70750
46149
45310
50363
1400
58333
31700
65218
78914
96947
47382
26666
64620
69903
41513
86786
28774
29295
15986
70508
64823
97611
11310
88410
91730
6307
63637
63252
68484
88214
86154
12448
69230
2139
1811
93437
68718
6798
80936
26441
26725
57660
78299
83172
83398
56778
52374
37461
62353
79137
67303
42137
78572
17148
69359
87509
51728
21704
93598
29073
89273
1369
92991
26671
40585
48240
90171
86500
82760
22096
14781
33665
29087
10919
67473
88868
1545
13952
60164
74255
62410
14432
3501
10320
38327
64760
38495
31865
79624
80176
85885
83446
22119
55205
22057
61336
46524
33254
25082
80630
38459
68762
16985
62819
47236
80038
4122
30468
47894
17946
38307
47068
88290
61099
17304
73171
49330
51502
37437
39210
67357
90121
70108
87225
44674
88689
57779
63191
19874
55880
3882
86824
52434
53894
80430
61337
44817
18176
53182
72853
87685
47210
70237
5536
16204
40060
11072
53207
4073
33222
85325
80764
9875
10162
52941
77396
19211
12558
42451
86846
77289
43730
12149
22859
13280
93813
46559
99586
68546
22022
72972
53162
40317
95824
30060
15479
70208
5890
79566
99379
22837
50789
66871
26155
45470
97720
62562
79291
59739
7600
25129
97935
67604
41797
63599
43649
74379
60279
22293
8680
31963
86447
3715
13942
34314
20451
72194
4201
73388
31627
76074
87411
8455
12065
15569
94492
80095
93472
61323
78913
21384
10941
53509
15917
77307
46294
69236
91643
22131
63396
8371
25332
48287
46757
39737
43195
79345
51981
84181
18074
1552
83651
20794
9145
44026
30435
71758
82965
80116
91857
78681
14570
64067
10144
54024
64889
98290
16864
83740
39157
59135
86716
45539
8959
91862
82578
55461
66720
26966
8120
91205
62153
50182
36749
32120
3078
39212
90748
66753
51016
55847
2958
89129
56552
28930
81389
35226
5779
56782
25108
34721
68793
81032
91833
12023
98452
3946
82737
26918
30557
52632
91952
47705
69420
16072
86037
12214
19304
28581
95353
96263
90713
2856
59353
983
64657
57399
27457
55048
24019
83034
53443
13411
52331
35504
44257
78207
3432
33676
88475
87724
97362
88058
88490
67255
56065
23139
89968
68074
92302
91747
8469
96727
79265
4689
24014
59462
78751
60124
90424
28835
15460
86626
41504
69613
23670
15082
62793
41771
16249
95167
92379
59649
77652
43661
79756
43083
34685
35322
80325
17207
14291
84272
32411
85514
49415
9144
514
2495
27145
50737
27747
50448
23456
64933
48872
94816
93860
72020
83861
49710
31633
96080
7330
86456
81811
10000
33468
65439
10828
11747
91874
34637
68563
87365
32689
11229
51628
77295
13088
1106
82941
49248
48723
6010
3642
60545
4672
49101
52637
8745
35442
23160
97277
47061
9001
19087
24841
62091
69644
32402
18357
55908
41578
10908
18363
56653
55944
11351
42369
77039
98848
38831
93011
51287
81928
66073
77358
79040
49255
82816
417
79411
91992
66397
60757
19932
5647
34256
52748
78349
25708
79397
98386
84599
97761
57800
59530
42608
75950
79517
61165
72511
73203
9462
51664
45574
78994
64043
60962
40451
37434
38918
58432
80083
56650
41535
2381
59503
50875
29532
42567
11043
90921
92282
63264
45002
35621
67854
54941
12911
85824
32629
7652
817
6146
85945
67794
5538
86968
56916
64525
37300
58542
46805
81316
90265
60703
74913
81161
92544
74120
45134
24432
50900
84299
90414
70252
22914
6180
45361
1980
57669
33127
13160
81299
58050
28187
83726
30629
77591
70647
34616
62479
51744
68489
50556
92798
10906
76146
91761
26296
44357
96939
33172
7327
54622
12114
65047
72473
22045
59203
22735
19681
53413
4898
29943
79260
35418
36473
35150
54617
20092
76456
16172
38100
83049
80302
40244
46691
84055
37607
22110
30741
60450
6348
99111
57878
62561
59262
97710
61349
3283
91107
83846
30147
56322
6557
3821
30436
97228
60869
21962
79445
23208
58224
4023
24465
68340
92601
66269
44760
56116
25596
99833
1079
93729
33940
37429
53444
14754
43234
73347
93804
58869
32542
92999
98562
79174
49268
52198
44358
55845
28641
21040
2403
86703
50059
8526
47635
31262
32944
16847
66214
57459
2444
84944
56024
85407
56250
83501
7558
8128
80738
944
77265
54918
7128
82869
57574
90808
75944
4981
5236
28645
98477
4248
34395
84622
43676
79066
53942
25975
25190
82356
50984
83289
61603
49733
27292
51729
69146
55045
77730
5761
70323
91964
64681
33789
82747
54249
29164
23841
84697
40019
31202
46206
72836
99323
5268
83793
57223
88230
29541
5768
10222
29472
26138
78097
50002
92531
62011
87437
45869
99757
66627
34175
36094
712
85941
72295
65867
28437
3411
14492
1404
55544
87014
77167
24293
34221
49517
57133
50824
42433
69065
79773
68417
13090
37633
58238
20937
16569
76208
45106
30062
90233
44002
95216
94577
19224
11539
91984
77649
9534
54548
56084
85887
34891
61415
6659
60421
53433
29643
37935
72540
2943
42336
46843
91495
20271
78131
97796
54450
38802
51542
10527
22285
85840
73732
26309
25170
33505
74698
10638
53127
86894
76285
79952
82346
93079
6978
69078
15825
8157
34495
59600
40084
92267
43362
9574
60416
3135
31230
6907
40491
26196
54975
34035
50260
22113
45353
91754
65255
48091
58585
50554
96079
77400
55849
45774
53419
22403
71503
58708
79550
19943
93679
6102
33389
32155
92527
77614
39349
22520
82364
73738
97387
43
70789
77610
98107
47583
40022
50209
4257
39797
42946
59717
64329
57752
73779
78654
23981
84278
56822
30023
25154
15563
48894
19674
13716
78968
23474
50857
75721
5747
67338
2918
84259
75705
87153
99966
29134
70222
89246
11607
37401
89391
20036
23149
48547
85084
92696
4766
66577
95537
22852
14604
86991
17754
27310
62829
34906
56018
2448
32481
35450
99124
72538
59110
64821
38792
34596
91909
33953
87535
29496
96050
59902
80572
3646
72857
27814
73004
51292
83266
14073
8795
45529
71917
53044
5320
96116
37025
56305
80720
80943
93265
80442
10686
46868
615
79487
2219
69214
22583
71207
41066
53051
34321
87106
43619
37487
91786
54257
73715
33868
42435
60214
30018
27383
53773
55591
96022
90863
41154
6587
31352
49724
4665
81780
59086
26782
22891
81842
85829
99822
34507
53897
37541
55617
92753
97662
95839
81542
69851
85634
28057
13932
95566
27514
3866
58528
87209
98788
10065
23880
56254
5499
47386
28764
76523
6205
7888
79657
95206
36675
92647
13140
99695
41540
4039
37472
32081
40182
51438
50294
27312
17936
33179
72133
95561
59084
39810
53199
83126
86045
50403
40834
71194
24789
30643
12145
5903
43550
23667
7934
50563
86325
90248
60259
60830
19854
88126
87647
47774
97602
90966
12457
10464
8204
17468
34087
98697
5196
80330
88578
89425
98607
78111
12740
34411
94357
35516
20022
41475
24952
12068
32223
992
11143
29027
42922
347
87665
25077
58667
28574
30440
52258
68316
79256
85648
79118
92133
56373
71894
62914
68478
26686
21762
33511
99819
91404
70350
79222
2597
39858
58015
82257
2458
17318
44884
55534
38892
67197
96272
57395
40820
1813
37498
65374
58583
6271
94765
99571
26699
54266
55703
23186
32499
6126
37671
50109
41502
43436
5581
91469
56954
22339
13246
68638
61555
69718
40936
32866
78764
62921
68556
9971
88156
27078
46292
96577
87629
62734
66775
24526
76925
8663
23405
64238
1832
6431
58462
77476
40922
9908
8345
75857
56581
53621
30616
10067
83635
36287
42146
19102
23959
36691
31635
25502
19387
35247
69220
905
92870
4634
73411
32332
83449
43617
55324
62336
2725
54869
86312
87001
59077
17130
40563
10102
74240
65988
15454
28042
25292
54108
45759
69113
82679
70138
92865
68749
65500
89796
56756
88937
74948
32351
23417
7580
10482
5583
69350
50617
47116
87632
42006
54962
77709
8126
77266
4810
30595
91916
6426
49849
75227
98229
49048
18485
59309
78575
80383
3937
99255
75704
73767
91831
69137
1583
46327
45312
97518
49794
59573
96165
93684
14678
17036
39825
88564
89314
91323
60160
72570
40642
10852
83432
56434
2859
74855
22986
90791
89178
39840
41229
66380
84079
81552
46359
49806
33680
33046
20408
86781
38759
86597
45172
21285
63270
44596
70642
88967
36278
67349
83977
9856
3955
20469
35658
10902
97723
97003
86099
88646
10187
46815
25037
27282
71105
96282
48067
48431
82137
44510
47752
80264
90466
95645
12703
83463
82203
37449
35071
18598
14186
1478
54607
25569
94652
69509
13058
99116
10336
14450
19433
62661
15842
72750
14189
58771
31585
85919
2625
37211
2792
74753
71450
86375
55420
54
91561
99132
35991
85340
11682
16705
37912
50774
20781
56068
75570
91509
36875
17721
27702
82984
88452
44228
23476
91990
45787
98786
48757
77992
29443
87095
77759
50701
13704
98647
8813
34233
48341
99884
54977
68888
28190
20834
27450
76515
63752
17877
29023
40255
78407
16579
76393
33167
88684
81033
91001
65917
17149
86691
52563
48471
86328
70530
93503
63999
34000
56482
47597
14514
6822
61599
97527
27757
78762
70279
17196
61781
74332
40770
74550
99831
67296
31665
68217
16549
73834
59047
19460
79956
30942
81579
19707
87954
977
5528
70744
97425
82174
20399
82344
57076
24715
86820
25447
55371
59802
40899
36514
15552
37322
49042
32585
78544
53507
40747
98918
93991
11525
77879
81703
2996
8116
12567
70217
60681
83158
80688
21356
41632
15113
75093
42800
1401
65198
86677
24080
64624
7581
32635
6705
86482
42993
24493
6058
49811
35758
72335
43209
7384
80912
35757
98720
48654
84959
35483
75091
90043
50198
80291
57734
17286
70042
87071
23362
97571
37576
33880
39315
99761
30928
59878
88873
74954
62838
30274
40623
93175
27942
10397
60529
44705
54407
13152
40313
49862
76496
47592
60972
56736
34888
20819
6470
29651
16815
62986
36342
95186
34357
77625
18353
25712
77639
33500
77511
9620
2813
55099
10394
57221
38068
78992
23085
79675
11159
16139
51415
80901
4031
31332
12880
82665
97845
90288
98923
96717
62310
49995
97145
16233
94769
4931
75266
1375
60513
68823
37827
86001
80747
96233
59283
59460
96284
87702
59480
73500
36728
28736
74800
33435
16393
11113
98371
30103
40266
66553
9711
69763
26106
60156
14660
69062
87648
5449
86726
90158
34836
32451
75884
73213
18520
67895
27409
98579
36009
41895
64583
29123
7143
47388
7938
3578
81638
92468
28224
38400
27182
93940
57130
41217
65182
75449
40298
89403
71271
89611
21079
99834
59940
66386
59247
20351
76645
80324
26588
29118
27263
19007
31271
39224
30626
93810
95875
27215
33952
81467
29170
91409
33772
4028
68372
68106
49548
19148
52452
23366
6947
32313
89915
90383
87879
3469
79217
53574
48462
54803
20844
97557
69706
46308
96012
50758
80121
18472
96458
91884
73005
73929
66960
16962
95553
33855
9330
32843
40026
32280
45679
24859
74089
31962
17972
75947
32599
30220
82372
57695
26595
35313
82072
94981
83938
69748
39541
31215
56604
69674
17153
35078
93336
10434
44822
47799
63958
71015
50181
69374
23674
42698
33217
9124
44857
48334
89700
95168
61629
39475
83631
91034
64493
36231
16853
66999
40626
39102
77719
82412
89530
394
46344
50123
56932
97260
51399
81590
47650
82992
67159
95968
89642
3700
65051
97759
97976
87761
4322
81213
89062
19837
18965
15888
12792
68573
54389
72410
69879
74609
29272
65767
75264
57449
27285
6676
26380
58410
60890
89101
61563
64857
90915
27081
48152
51457
97012
79789
84275
66068
38517
934
56438
99154
92853
84998
31187
12425
64557
13645
74659
56220
39633
55042
47658
86584
56019
33493
63229
72968
61676
44832
57791
47016
64082
31412
88838
90009
60982
76401
29245
49565
46789
95319
67586
87823
99053
23571
30842
28120
29332
21474
48503
7971
2521
74997
6131
13783
8999
52285
87639
24908
64597
83568
6930
30287
93809
76417
9
74074
14274
96592
47375
7571
43884
36204
54659
59982
61385
86537
29683
12496
44339
92885
66126
60635
10297
63003
33968
59166
94745
42670
3935
83259
29119
38745
84514
3380
42001
40248
50506
24007
35928
62184
90275
93129
91582
50911
15242
47253
39963
44766
59095
35948
16669
35811
31439
33440
9957
66758
22503
1044
22775
56352
56335
88158
33410
6921
24296
6611
15832
70454
49466
8302
10506
91605
49555
53563
67384
71143
69263
83094
12958
83633
60190
15156
78165
2717
73105
90841
94177
75064
48243
56040
68677
36146
7633
53375
20265
8040
83505
35665
59771
13589
50368
85036
2470
86793
69703
43139
44056
95084
95194
90858
96596
35936
71760
21535
9972
18299
31534
52036
25164
64892
9267
33204
74453
5213
47488
18251
32174
71477
26255
88433
94198
98341
2852
31702
44864
80106
76238
72527
34169
49203
21250
92628
38328
357
50392
72868
8786
17871
48581
42881
98395
51787
23182
99472
51124
59879
72742
102
31518
39894
98844
26287
15399
32161
73759
47989
82507
79319
26388
18861
68994
51770
7428
80297
18003
44750
16252
63175
58862
35289
58064
10983
15026
1472
60206
22185
88084
16888
76551
81621
82475
47154
51996
41408
12668
89366
77447
55816
66554
80581
12212
33962
60737
92868
38277
2783
47531
51075
61498
46784
46619
81172
92441
86489
10191
68078
95312
72657
14382
84246
51641
66413
60380
75982
54422
29358
10286
75488
84493
84169
5584
47374
49736
49070
62050
18463
85050
23117
93776
11803
68214
83550
94774
59399
8615
870
68320
49903
49318
35589
74324
79209
78031
71502
83626
26793
63756
73273
27051
31886
53069
61159
51255
86494
91435
43814
71640
87505
29856
80810
82274
21282
27269
37754
92947
41085
2039
27766
46793
18123
57771
71494
5531
30803
94638
68350
60255
82700
6368
26347
35420
89285
41561
17698
6984
36467
13370
54466
30541
10428
16528
5149
37011
83482
72289
47986
45762
40271
28743
36169
75211
68807
7031
84740
48195
71631
21167
64164
25701
58625
34467
2801
2973
49016
59449
98366
14448
51640
94964
22102
76397
44608
5412
34709
58470
80945
74171
30061
70639
81429
71389
44867
75593
58975
34191
52724
48667
71068
11175
350
57932
22904
40300
2115
66308
91925
16909
19280
42532
41301
34534
20866
25388
36716
72179
70635
88772
14672
80770
90760
40810
38791
43713
64003
47263
82815
31335
71877
33572
89560
27963
53113
8124
75754
16421
21378
52689
17713
6241
78440
3112
19811
44362
56382
94882
90979
8486
42574
19948
25756
15932
43754
68461
49834
51418
19537
12973
1954
80432
12256
11954
81574
19654
77745
46921
18290
41804
74307
45360
93901
70069
22481
26603
50560
92578
66870
68926
82923
65577
69775
63033
77895
37557
12062
96710
4877
78701
29187
5171
15221
56777
88052
682
87410
45227
60988
24553
45082
9618
53513
15742
21338
25049
11070
43495
39965
75738
46439
21136
3144
96222
79378
67691
57166
7567
11976
54859
63430
76155
25152
21739
31121
9825
70446
9836
40393
86169
27475
44727
78278
58847
69200
56823
20832
12513
6757
94352
1440
70928
55073
26249
34436
68126
95518
79168
96816
52561
88136
86427
32505
43999
73415
13861
52719
23324
55167
78870
51218
58910
87504
48165
99797
3942
11476
54553
78468
32742
98071
34935
36037
69132
90851
89701
6586
7238
12754
61882
79020
74485
20977
2043
4027
27955
45776
61658
74478
87664
16323
24948
59981
85232
22607
77792
25407
40823
97244
54562
18870
34331
5090
36112
63415
91944
73909
9077
44721
69019
52063
20949
6423
34147
55542
5524
31584
40265
31180
32596
6286
3540
10661
91868
51128
74071
30393
73339
85145
19120
95610
56053
87678
91809
58061
35180
10807
42981
8001
85649
13450
57300
96910
16691
1747
44682
23056
64247
96380
48989
71313
91812
69829
86828
31411
83606
27977
52400
51986
79257
32006
68213
60846
61243
54144
34404
96277
30609
44572
58152
95937
16713
10217
66141
69661
23657
69659
37897
57514
77773
63882
74431
42874
68692
84603
5792
46172
83130
77931
14726
63553
44516
11173
15173
79996
41912
28007
44574
45690
91828
75993
11429
85293
13390
5411
19835
56738
49298
76942
64123
85673
5783
27866
26774
25130
42973
13889
86540
20415
56579
82404
57354
85110
5234
87644
82074
11952
20166
98515
57501
95829
74144
44005
63207
93828
53211
65661
35515
62434
46389
71564
33884
75750
58600
96363
16387
62674
10533
83598
74188
96570
76955
86725
1703
25119
56
38123
81601
5567
67687
50083
14793
64679
53160
57552
48628
16534
95743
6661
96048
41039
79948
94265
55298
71341
55540
80398
94490
87032
26629
14318
49896
2409
53395
45885
96063
61900
70164
47693
21038
93755
94541
54425
12441
59331
35009
42718
89647
55364
22397
73783
10960
351
66811
66030
81162
44946
98669
34164
96689
75036
77940
98764
28119
20574
64308
11944
77318
92890
61191
69777
78036
7051
26887
5744
43531
7164
33294
42176
47322
77946
73
19757
88738
44505
76881
92794
57037
6448
78293
61566
66052
22060
16949
48720
38093
49998
20424
36308
14398
71888
87697
57905
81912
27411
86414
83587
24140
55445
43185
61558
56649
60950
46006
45378
38744
40309
34794
73132
14023
67896
86552
34350
47437
77398
3850
45071
75523
72839
16664
28407
34094
73678
91825
46879
62149
53566
75495
94348
1104
19400
88435
89086
23237
28849
58798
92246
6053
5944
57132
90134
17621
64614
36672
85921
8533
80298
11648
52394
50461
15359
71023
53754
29888
17253
72145
60538
3339
99000
38069
80096
39193
23555
10786
51275
79766
60006
78668
33943
8454
28842
44507
49221
81345
24944
62075
90192
62049
34812
5069
78336
74220
50383
70058
82643
93713
41328
30325
58724
91361
17549
49621
69793
154
30262
23740
78538
88985
39829
23348
25981
97226
66957
8312
9657
87396
56655
19184
68710
50997
40622
26841
68449
86849
54608
91131
62205
73192
38349
9765
12999
42668
47764
41892
34472
78568
75924
98012
97875
47410
94230
60775
50550
36131
10827
97298
40808
41092
10921
98974
63325
3595
77836
35149
96068
18085
81457
92769
96943
76749
33580
462
48958
54879
58754
99587
91797
22005
83615
48571
72762
33812
88386
98533
74661
94438
78463
34640
74791
69926
1692
31570
81329
74484
42625
24653
19984
83786
2750
13012
33632
65902
433
3192
32889
83193
51574
95313
45792
46556
31931
94325
8790
55794
24892
81629
80263
69838
58354
15588
30068
20474
29104
13143
29019
9095
75589
66153
86689
27802
7816
90362
69430
78657
96204
69174
87481
88887
58393
30732
14871
89589
92012
15187
93227
54996
88476
62680
10375
44073
50389
78386
38757
11437
87462
7486
87780
31512
42524
94040
34489
18202
8554
5705
13859
63145
61782
31790
74658
19119
46080
92849
79405
35697
25630
20740
79173
29105
892
52566
43302
89718
16184
79283
79544
80502
13866
25309
10339
41931
813
17405
37457
71025
41238
6737
43399
38501
1510
54989
92623
62260
72592
85836
91772
61034
27449
3485
96417
55910
97624
98112
3594
18311
75853
67074
21570
21456
21511
38756
6619
15345
13976
93667
39282
78483
39460
59648
75427
67813
31973
62916
9934
36553
21193
28548
44093
96120
53116
95033
44086
38098
19192
11370
98993
23423
91289
41246
79942
97785
79016
19560
17732
75296
23613
42299
541
44937
87357
86085
56347
26933
16135
98405
6626
53705
45405
35485
99606
95732
59534
67023
75148
13799
60101
56165
14665
9668
91777
23190
60308
13199
51382
10002
60814
26185
96109
11409
30950
99533
56236
75897
77723
21618
45813
93574
18352
8855
17193
36575
50990
81777
45055
77915
87943
12184
69465
42285
64953
15283
34857
92404
38114
17109
25843
59275
82712
36965
74551
98427
90822
13829
89705
96288
9315
16057
66176
953
13927
44868
55229
1972
4349
46847
3007
13195
45981
9828
34144
31713
9914
87991
53062
20462
92812
19024
1442
77109
17495
20884
75728
8460
12217
59835
16833
21558
87465
44116
36365
34926
78857
141
11209
82408
31390
15564
64454
10075
57322
53002
51096
49700
89797
82719
15429
40438
24143
92384
7375
80395
64241
81372
17667
54571
65971
69432
20485
8426
38393
42352
13103
7304
4727
72928
94483
88487
31494
71979
93088
91335
57406
5410
5694
67491
975
52638
85264
11771
43672
91674
63125
44251
77360
54027
8240
43966
26168
45633
99374
78758
95588
71355
58807
40590
22724
35937
34056
65807
56543
6356
71561
27176
98144
1286
73404
3219
27875
27180
40577
94953
60183
6474
11804
61204
9625
36497
49749
53144
69789
42347
45367
81250
28555
49971
84468
10763
64941
2379
76022
6011
83406
11504
96623
58714
20284
65226
6047
76770
63878
49502
3019
92689
44893
69590
16360
91089
45498
10659
14488
76501
28234
80719
97141
88573
91229
81926
95142
72354
9265
70338
76251
71402
35712
3934
58402
68529
80402
30506
5334
8224
9055
47421
60058
94104
63490
17497
24684
380
57367
20221
79599
31630
17262
24132
83209
78183
68509
77578
97142
84880
30885
60677
97647
76125
51137
94756
63943
90769
65242
84999
45536
29459
80748
67054
93778
33065
33804
6560
7503
8273
14933
92940
2522
50897
55783
21743
53401
24164
64279
59256
2024
83957
61251
21205
88071
87994
63653
23254
14837
98505
83534
73868
35532
79695
15692
14227
55380
55290
99384
99228
5773
24409
30143
510
9933
35218
6092
7315
91298
3391
66166
52645
62852
30955
4251
48687
13598
70590
89355
61681
81556
94052
34253
42794
56071
8267
69251
86021
58262
65665
73750
73757
40356
88762
37599
61091
73186
67669
96379
94754
28206
92090
26424
3160
70181
2681
55172
1542
29684
29923
92226
23161
47729
33517
27375
14104
55871
70118
49171
95663
12031
58753
96881
13189
68287
52247
39038
37109
41642
62250
1843
83616
28303
51857
57204
99224
18622
39727
36395
70740
61805
52682
74361
67795
75213
31804
40616
32687
72423
5021
65772
53996
24716
83885
53539
2672
39861
47327
55710
84487
54173
62163
45213
31115
92679
90556
14864
52558
41993
85640
42894
46566
48348
52039
72730
60132
2326
66161
4675
95433
77469
30052
35568
42734
11963
63014
83056
92233
75107
32756
11904
49552
65506
72288
91541
55154
96843
9159
32318
21431
62947
68124
37927
42243
19344
11314
73727
29564
29283
12398
4706
4218
2921
725
997
46334
89532
22017
62714
37233
88064
82758
78731
93535
77750
95189
95436
13740
62607
24508
50134
608
65398
68655
79561
15994
45070
54118
3979
22444
76034
7806
63521
9099
56884
36833
90428
68057
8102
95759
81951
43956
72
60859
76605
26869
58002
42675
31816
88378
54813
30448
36407
35819
30328
31420
52474
47703
73762
525
15608
76961
16274
35159
44095
76350
65612
75696
80711
38890
69406
93035
69665
13046
19912
64156
238
76585
16465
99408
70212
6632
86883
79332
83292
71839
53128
5280
23337
59934
92552
16988
27617
27477
10085
93856
24905
50590
41697
96652
6806
87636
93476
39016
76082
67842
14622
34473
27630
66745
33643
85047
48102
16583
86579
28565
55287
18687
16460
22788
5823
97115
24116
74481
33788
19566
86975
39011
81175
73126
40192
52589
21223
51076
91733
13366
98169
48249
89536
73410
45032
51509
24232
75922
50752
69877
424
55273
33324
21954
21074
4089
12493
10208
36598
22966
49902
68253
72215
3015
94300
71996
82439
65327
89712
27216
42672
46781
71042
85841
58686
88690
64224
92550
18252
51783
72779
47587
35904
43418
81608
26788
5425
8031
56259
39200
505
39555
33048
12213
57507
80044
73533
94935
61620
18657
9388
44038
24920
88470
23438
67527
35156
3639
90896
93677
93458
99236
7349
81435
98707
50359
79329
35261
37948
65589
88532
9249
91764
74164
33251
96597
19544
19673
39438
81292
80497
2333
32754
81051
34734
92019
89423
69847
97782
3643
25813
88454
71403
72523
19663
11599
24290
69990
15901
64566
1570
98851
35610
97492
42899
50882
22014
24528
85204
20637
90242
78070
34319
50094
77897
83490
52991
83279
73897
75270
95914
25647
78444
56921
18849
47009
74106
11825
71170
70781
76678
9975
57727
8368
31502
13399
34305
94801
35830
78239
77838
10745
54328
22892
2394
26339
27998
58856
54155
80873
98160
99499
41147
90892
1302
30032
97695
67399
47779
76561
8619
9912
24968
89565
57127
96358
10558
847
51089
83497
41269
66321
49247
32936
80010
29330
34845
45324
85215
13817
2665
89548
34694
36582
1559
56548
1253
2321
8085
56212
60862
20552
65915
88945
18750
96594
66979
74956
71438
94433
71584
95864
54782
22806
13052
70282
40627
51366
83395
94068
20171
53933
88334
6656
33395
45873
30092
4607
87765
28151
21422
32813
93858
51320
13531
1134
68400
25401
11753
77003
58056
48551
3318
12296
78450
8960
67417
41975
44747
16710
5933
89869
47125
44900
36532
65495
29256
74982
47861
43153
55085
22719
15851
9155
78539
70241
11247
90183
45872
43113
46009
70512
89160
99036
11719
53579
77097
38559
37301
70092
85859
71892
24533
56708
41389
3601
41046
68778
29479
42002
11869
24313
18216
70588
59407
10372
86130
24488
24656
5515
73528
21686
8970
72401
61958
5191
15191
92003
98117
95686
96905
53600
69204
54226
33047
64715
54985
8636
59105
87738
52237
70796
37812
37702
19065
30064
33897
78587
44237
7261
28218
86158
64281
75457
74382
1353
85111
25278
51274
58344
62420
84970
37855
55357
1749
55332
85300
69035
55300
11362
94911
79079
99019
91302
67229
54171
53037
12456
65118
91725
17301
87289
92300
1956
79606
89325
14268
92193
55355
93952
52695
8447
26799
9361
53560
60422
8269
20802
27177
87542
78161
66234
81409
10374
78021
67225
90148
43126
23776
66425
73152
70736
3862
35528
53999
67796
46555
20025
41368
98549
65319
69095
84029
59858
40680
95542
68845
46845
59333
42603
10769
95137
24405
32302
89260
4629
55405
50176
58554
58009
70324
21838
41756
49717
25533
64713
85206
83868
86369
95428
87502
7491
47529
35655
96773
20453
85086
72147
49677
76161
333
34458
41665
9742
9554
47227
75824
66277
87613
82824
91711
1886
85244
53327
800
97314
61399
22156
47047
11589
71044
8947
63482
37465
20495
67613
46406
19207
42128
28198
40424
22816
4602
3499
90961
56417
26951
14710
81580
67447
96657
62348
76754
98444
90292
75315
61126
18636
14521
10835
36655
98463
44874
63763
60898
51817
1817
2598
80473
61388
96559
5875
56608
21988
30578
17813
96224
27627
73544
69564
1160
42372
63751
96998
25560
76760
22143
91566
88307
4364
34966
33613
5963
2036
6985
25623
89847
32452
13256
93669
25261
51430
56624
92992
95017
24614
67095
67360
28792
99947
2983
13423
36091
54253
40866
83603
75235
72754
96203
89610
20196
91979
21401
16915
50297
41234
76592
74619
4047
36555
10665
25666
31154
20869
90699
67625
58777
38515
79947
88918
98813
92855
79420
67348
3768
87996
44466
23064
9253
41302
29891
18250
56494
7334
96674
31308
96699
65526
1715
67808
55552
57220
46120
31819
33951
53675
27654
97896
11423
10101
95522
32290
63320
39907
40657
61861
25823
68877
29407
7242
70577
18978
65337
61131
58349
8303
16615
45240
9035
46356
44929
31258
67238
70520
68717
51721
67110
35376
73452
56141
97073
39663
97261
44736
68890
94081
74465
51328
71
47280
57849
18378
85723
72543
13913
46047
13794
65396
86529
9174
13468
47249
56997
65636
54311
4667
16157
18205
10031
11078
24518
63374
94369
3590
36606
2205
47948
40010
51026
81515
32933
67810
3137
34306
28552
51761
92701
48387
4722
35342
44417
38054
94398
67333
30123
43140
69447
87385
67088
32059
75247
96345
86508
45390
28872
57867
61189
24328
35715
43228
14855
78518
794
73742
9100
85803
61181
86922
30664
18891
43219
28626
38364
82781
39640
63484
80051
70800
18768
45895
92109
3738
37263
30217
62262
96684
28425
22352
69332
72149
89850
82559
63386
21890
15420
35918
54146
8017
11305
22291
86491
24608
69801
68505
48468
27510
99930
94400
46097
56016
72812
1750
23526
57088
26668
71169
28742
11190
89218
44560
81816
1673
50874
52403
44208
62215
92596
23017
95890
12127
17222
2356
96324
27746
3145
77774
28993
37799
11128
25907
65857
96626
1897
15583
22394
76239
39820
35598
15387
94686
93622
90879
20016
48225
44835
55668
47173
2281
32277
93042
33388
20967
11699
5529
67158
10356
44539
16042
10406
69104
21675
46028
10011
95648
59323
480
15693
75196
49781
32584
93898
27307
4917
3720
34251
68715
52920
76542
43606
58568
18032
5909
72499
25913
99091
1937
55491
39105
70491
85908
13081
65696
41047
5751
82942
85120
11047
94768
82701
99102
61665
32244
72639
61613
2535
55475
59278
12637
92545
63768
58338
35415
44356
8505
25027
75782
22865
90296
21771
42830
78416
67138
69272
79095
87599
1471
32815
90013
93221
6956
62989
19066
29203
1218
54517
51359
85140
65865
47120
34877
93854
26982
62164
70909
83654
3939
80281
37338
62068
75282
82977
53483
96123
55114
88446
16368
83452
40375
31825
62358
3641
49028
38342
76880
47462
10784
96669
62862
53274
52313
93015
1142
46061
28161
34324
60272
28194
92419
79215
55219
4477
71119
15964
67041
71391
10853
42392
48062
18914
38287
4716
64537
64362
45088
27315
87371
85519
32626
77911
32072
33377
52539
5147
88364
68047
62682
78050
20806
69389
13902
873
75680
20279
82318
21696
75420
65034
5399
30390
15891
12741
3831
61360
63421
22881
28866
15160
5771
67017
43782
9769
69883
60165
49242
80559
79812
48671
2881
41800
38235
48037
82240
4209
73839
78317
2776
63656
95416
92216
99178
58399
66978
4006
44062
5085
18302
27801
61519
92973
33938
49130
64211
64280
19011
83518
23719
89052
7987
78164
63345
59396
82753
7736
26987
50432
24759
84521
75846
51700
236
47292
42845
15317
87241
61350
93354
81336
79231
84559
89030
67767
51650
18167
61276
90108
16452
3206
58423
15328
26721
77641
88807
71294
92757
62960
13330
74174
7670
63233
7119
26625
88095
10277
4024
69909
308
32294
4346
94986
80881
17852
35168
25676
94677
58505
341
22980
87335
72098
35661
32248
74873
81188
95158
75048
84429
50189
29083
94514
2037
3856
68012
98865
29765
39495
18516
9204
53315
75997
79177
79396
84234
60646
63314
52799
26009
51348
44571
3806
30219
32632
44548
54933
5639
22463
30671
51921
53355
8631
64320
70535
60567
16524
21037
87051
21299
10399
80746
2876
84416
33186
24676
73033
27311
40281
55836
93866
68009
86409
35706
38024
15784
459
65485
82442
717
1674
53439
76446
16785
14741
64956
17492
37617
9103
60784
33268
47613
3752
1785
57361
81895
87098
39735
96785
28105
39454
95781
46130
74747
31346
97409
39505
56751
89630
46081
3753
23986
61196
63476
40398
95107
389
42254
53029
35257
88438
12939
24449
25607
82110
44447
46660
3858
55785
40488
66240
39862
64460
5847
39599
38860
47507
74949
19466
59190
29503
38677
76289
84571
52496
53332
95586
67663
60008
5459
19225
69352
95962
10560
63185
96212
83410
71655
70083
92833
43987
50810
38962
26282
18868
59715
25805
19580
97008
79290
75543
63731
60396
90872
98120
93594
89909
39288
42829
58138
35116
28784
87772
62054
54676
763
72029
36887
33369
33206
67581
62701
67642
5118
77557
68974
5998
49959
1571
85595
61886
72296
9177
16932
88905
94331
99644
29960
73082
75336
46002
50250
84353
611
79873
37308
18496
65835
34758
27548
14215
11390
11055
64240
8965
38293
8158
29081
96758
96425
24861
81009
2620
19443
79704
19605
9384
9930
85548
85991
89474
50957
51216
30891
55078
84093
4888
69695
13795
98296
89002
69422
64442
70914
5672
63786
18878
94420
26627
44292
93339
33737
51495
67180
4217
6389
92137
91946
18739
71256
5703
58570
40573
12573
12869
54069
27502
31424
77355
3916
76802
38494
64402
69772
7643
56326
68500
83025
1878
35614
65945
40404
91086
6354
17778
18944
58288
57960
57445
44918
46282
40155
33606
44427
26387
5519
68337
17573
89489
8933
31059
2799
73121
43011
49051
72435
14334
28804
86007
13255
40460
82579
13068
98387
80621
48549
19997
71103
7604
36427
46876
5494
14690
13235
96780
77155
35198
54715
7837
68741
97118
87889
97734
67268
42172
74442
94307
60319
53777
44825
51871
39736
65964
48255
49109
93072
10453
8549
97357
57046
76269
10877
6279
15025
9703
42855
19368
33671
591
79425
74022
91546
66037
96129
35421
10123
37436
3269
83588
22878
66803
71211
32487
64708
93505
30737
74959
52579
6980
72136
6923
28553
59222
20497
13661
22452
16565
54961
4388
72462
46480
19535
33657
41929
79336
74052
